# oST version 5.0 parameters


[image]

width
1280

height
720

[narrow_stereo/left]

camera matrix
736.718115 0.000000 634.633408
0.000000 736.694533 310.315929
0.000000 0.000000 1.000000

distortion
0.059639 -0.055258 -0.001040 -0.000736 0.000000

rectification
0.995618 0.001633 0.093496
-0.001178 0.999987 -0.004924
-0.093503 0.004793 0.995607

projection
834.913926 0.000000 491.532227 0.000000
0.000000 834.913926 326.417282 0.000000
0.000000 0.000000 1.000000 0.000000
# oST version 5.0 parameters


[image]

width
1280

height
720

[narrow_stereo/right]

camera matrix
656.159943 0.000000 614.113626
0.000000 655.402176 343.814876
0.000000 0.000000 1.000000

distortion
0.130208 -0.100470 0.001088 0.001042 0.000000

rectification
0.994705 0.001188 0.102762
-0.001688 0.999987 0.004783
-0.102755 -0.004931 0.994694

projection
834.913926 0.000000 491.532227 47.790083
0.000000 834.913926 326.417282 0.000000
0.000000 0.000000 1.000000 0.000000
